2*\theta  sin(\theta) d      h^2 mirror   kousiteisuu  x-ray
25.660000 0.222059 3.472984  3   (111) a = 6.01
28.450000 0.245730 3.138430  4   (200)    6.276   alpha_1
28.520000 0.246322 3.130886  4   (200)
40.620000 0.347099 2.221864  8   (220)   6.2838  alpha_1
40.720000 0.347918 2.216638  8   (220)
50.290000 0.424911 1.814988  12  (222)  6.287   alpha_1
50.410000 0.425858 1.810949  12  (222) 
58.740000 0.490448 1.572457  16  (400) 6.288  alpha_1
58.900000 0.491664 1.568567  16  (400)
66.480000 0.548147 1.406935  20  (240)  6.292  alpha_1
66.670000 0.549533 1.403386  20  (240)
73.790000 0.600350 1.284596  24  (224)  6.293  alpha_1
74.010000 0.601885 1.281321  24  (224)
87.740000 0.693024 1.112814  32  (044)  6.296  alpha_1
88.020000 0.694784 1.109996  32  (044)
94.610000 0.734974 1.049299  36  (244) (006) 6.296  alpha_1
94.930000 0.736865 1.046607  36  (244  (006))
101.540000 0.774613 0.995603 40  (260) 6.297   alpha_1
101.900000 0.776596 0.993061 40  (260)
108.670000 0.812440 0.949249 44  (226) 6.29661 alpha_1
109.030000 0.814268 0.947118 44  (226)
0.000000 0.000000 inf
